origin_BN_data:
[[8.20000000e+01 5.40000000e+01 4.50000000e+02 1.20470728e-04]
 [8.20000000e+01 5.40000000e+01 2.25000000e+02 1.20765064e-03]
 [8.20000000e+01 5.40000000e+01 1.25000000e+02 2.86588672e-04]
 [8.20000000e+01 5.40000000e+01 5.00000000e+01 1.86080493e-04]
 [8.20000000e+01 1.30000000e+01 4.50000000e+02 5.43934279e-04]
 [8.20000000e+01 1.30000000e+01 2.25000000e+02 5.43922919e-03]
 [8.20000000e+01 1.30000000e+01 1.25000000e+02 1.30211461e-03]
 [8.20000000e+01 1.30000000e+01 5.00000000e+01 8.45010066e-04]
 [8.20000000e+01 4.00000000e+00 4.50000000e+02 1.42741741e-03]
 [8.20000000e+01 4.00000000e+00 2.25000000e+02 1.37431965e-02]
 [8.20000000e+01 4.00000000e+00 1.25000000e+02 3.22507243e-03]
 [8.20000000e+01 4.00000000e+00 5.00000000e+01 1.94911587e-03]
 [8.20000000e+01 0.00000000e+00 4.50000000e+02 3.85737499e-03]
 [8.20000000e+01 0.00000000e+00 2.25000000e+02 3.30786206e-02]
 [8.20000000e+01 0.00000000e+00 1.25000000e+02 7.04170964e-03]
 [8.20000000e+01 0.00000000e+00 5.00000000e+01 2.99963309e-03]
 [5.80000000e+01 5.40000000e+01 4.50000000e+02 5.38514663e-04]
 [5.80000000e+01 5.40000000e+01 2.25000000e+02 5.32673706e-03]
 [5.80000000e+01 5.40000000e+01 1.25000000e+02 1.26386328e-03]
 [5.80000000e+01 5.40000000e+01 5.00000000e+01 8.05004481e-04]
 [5.80000000e+01 1.30000000e+01 4.50000000e+02 2.42077371e-03]
 [5.80000000e+01 1.30000000e+01 2.25000000e+02 2.38852966e-02]
 [5.80000000e+01 1.30000000e+01 1.25000000e+02 5.73867015e-03]
 [5.80000000e+01 1.30000000e+01 5.00000000e+01 3.65949353e-03]
 [5.80000000e+01 4.00000000e+00 4.50000000e+02 6.82662945e-03]
 [5.80000000e+01 4.00000000e+00 2.25000000e+02 6.42050868e-02]
 [5.80000000e+01 4.00000000e+00 1.25000000e+02 1.49926697e-02]
 [5.80000000e+01 4.00000000e+00 5.00000000e+01 8.67434953e-03]
 [5.80000000e+01 0.00000000e+00 4.50000000e+02 2.10083074e-02]
 [5.80000000e+01 0.00000000e+00 2.25000000e+02 1.76648189e-01]
 [5.80000000e+01 0.00000000e+00 1.25000000e+02 3.71115187e-02]
 [5.80000000e+01 0.00000000e+00 5.00000000e+01 1.45916016e-02]
 [4.00000000e+01 5.40000000e+01 4.50000000e+02 5.09909112e-04]
 [4.00000000e+01 5.40000000e+01 2.25000000e+02 4.97721978e-03]
 [4.00000000e+01 5.40000000e+01 1.25000000e+02 1.17721093e-03]
 [4.00000000e+01 5.40000000e+01 5.00000000e+01 7.33481779e-04]
 [4.00000000e+01 1.30000000e+01 4.50000000e+02 2.25430776e-03]
 [4.00000000e+01 1.30000000e+01 2.25000000e+02 2.20086552e-02]
 [4.00000000e+01 1.30000000e+01 1.25000000e+02 5.30234179e-03]
 [4.00000000e+01 1.30000000e+01 5.00000000e+01 3.33345469e-03]
 [4.00000000e+01 4.00000000e+00 4.50000000e+02 7.05985985e-03]
 [4.00000000e+01 4.00000000e+00 2.25000000e+02 6.48786016e-02]
 [4.00000000e+01 4.00000000e+00 1.25000000e+02 1.50066804e-02]
 [4.00000000e+01 4.00000000e+00 5.00000000e+01 8.25400159e-03]
 [4.00000000e+01 0.00000000e+00 4.50000000e+02 2.24042487e-02]
 [4.00000000e+01 0.00000000e+00 2.25000000e+02 1.86355686e-01]
 [4.00000000e+01 0.00000000e+00 1.25000000e+02 3.88815322e-02]
 [4.00000000e+01 0.00000000e+00 5.00000000e+01 1.45738242e-02]
 [1.50000000e+01 5.40000000e+01 4.50000000e+02 1.08616916e-04]
 [1.50000000e+01 5.40000000e+01 2.25000000e+02 9.14531827e-04]
 [1.50000000e+01 5.40000000e+01 1.25000000e+02 2.03766732e-04]
 [1.50000000e+01 5.40000000e+01 5.00000000e+01 8.86152983e-05]
 [1.50000000e+01 1.30000000e+01 4.50000000e+02 3.58136610e-04]
 [1.50000000e+01 1.30000000e+01 2.25000000e+02 3.04842185e-03]
 [1.50000000e+01 1.30000000e+01 1.25000000e+02 7.61081167e-04]
 [1.50000000e+01 1.30000000e+01 5.00000000e+01 3.85647198e-04]
 [1.50000000e+01 4.00000000e+00 4.50000000e+02 2.91296522e-03]
 [1.50000000e+01 4.00000000e+00 2.25000000e+02 2.33966672e-02]
 [1.50000000e+01 4.00000000e+00 1.25000000e+02 5.02208278e-03]
 [1.50000000e+01 4.00000000e+00 5.00000000e+01 1.74846899e-03]
 [1.50000000e+01 0.00000000e+00 4.50000000e+02 8.95665928e-03]
 [1.50000000e+01 0.00000000e+00 2.25000000e+02 7.09448396e-02]
 [1.50000000e+01 0.00000000e+00 1.25000000e+02 1.43572911e-02]
 [1.50000000e+01 0.00000000e+00 5.00000000e+01 4.13126681e-03]]
missing_BN_data:
[[8.20000000e+01 5.40000000e+01 4.50000000e+02 3.64543521e-04]
 [8.20000000e+01 5.40000000e+01 2.25000000e+02 3.68357350e-03]
 [8.20000000e+01 5.40000000e+01 5.00000000e+01 5.81563648e-04]
 [8.20000000e+01 1.30000000e+01 4.50000000e+02 1.66587541e-03]
 [8.20000000e+01 1.30000000e+01 2.25000000e+02 1.67705963e-02]
 [8.20000000e+01 1.30000000e+01 5.00000000e+01 2.66755306e-03]
 [8.20000000e+01 0.00000000e+00 4.50000000e+02 9.61741573e-03]
 [8.20000000e+01 0.00000000e+00 2.25000000e+02 8.42877412e-02]
 [8.20000000e+01 0.00000000e+00 5.00000000e+01 8.62716763e-03]
 [5.80000000e+01 5.40000000e+01 4.50000000e+02 1.60624058e-03]
 [5.80000000e+01 5.40000000e+01 2.25000000e+02 1.60538163e-02]
 [5.80000000e+01 5.40000000e+01 5.00000000e+01 2.50864040e-03]
 [5.80000000e+01 1.30000000e+01 4.50000000e+02 7.33272933e-03]
 [5.80000000e+01 1.30000000e+01 2.25000000e+02 7.29723404e-02]
 [5.80000000e+01 1.30000000e+01 5.00000000e+01 1.15444803e-02]
 [5.80000000e+01 0.00000000e+00 4.50000000e+02 5.12768183e-02]
 [5.80000000e+01 0.00000000e+00 2.25000000e+02 4.39292988e-01]
 [5.80000000e+01 0.00000000e+00 5.00000000e+01 4.11174063e-02]
 [1.50000000e+01 5.40000000e+01 4.50000000e+02 2.73671556e-04]
 [1.50000000e+01 5.40000000e+01 2.25000000e+02 2.33673846e-03]
 [1.50000000e+01 5.40000000e+01 5.00000000e+01 2.58844309e-04]
 [1.50000000e+01 1.30000000e+01 4.50000000e+02 9.69988583e-04]
 [1.50000000e+01 1.30000000e+01 2.25000000e+02 8.34474943e-03]
 [1.50000000e+01 1.30000000e+01 5.00000000e+01 1.21095413e-03]
 [1.50000000e+01 0.00000000e+00 4.50000000e+02 2.27674714e-02]
 [1.50000000e+01 0.00000000e+00 2.25000000e+02 1.80535723e-01]
 [1.50000000e+01 0.00000000e+00 5.00000000e+01 1.13303694e-02]]

Process finished with exit code 0
